x =

  Columns 1 through 4

   0.800000000000000   0.890952422716517   0.824493860658759   0.879087771072979

  Columns 5 through 8

   0.837328313359954   0.871394943155682   0.844814319658298   0.866371535935447

  Columns 9 through 12

   0.849378023854618   0.863099422901949   0.852220286381267   0.860977350414187

  Columns 13 through 16

   0.854010535488896   0.859606535360220   0.855145316029348   0.858723673409729

  Columns 17 through 20

   0.855867284284274   0.858156279200144   0.856327639318154   0.857792153796932

  Columns 21 through 24

   0.856621582388752   0.857558699700787   0.856809429631138   0.857409117501456

  Columns 25 through 28

   0.856929539864899   0.857313313939688   0.857006364951503   0.857251970335958

  Columns 29 through 32

   0.857055514560129   0.857212698296221   0.857086962842433   0.857187559154652

  Columns 33 through 36

   0.857107086735148   0.857171468001930   0.857119964825222   0.857161168778819

  Columns 37 through 40

   0.857128206330127   0.857154576898019   0.857133480711869   0.857150357929698

  Columns 41 through 44

   0.857136856249696   0.857147657716308   0.857139016571658   0.857145929545574

  Columns 45 through 48

   0.857140399171792   0.857144823499760   0.857141284035493   0.857144115622030

  Columns 49 through 52

   0.857141850349411   0.857143662575790   0.857142212791629   0.857143372623687

  Columns 53 through 56

   0.857142444755718   0.857143187052885   0.857142593213515   0.857143068286705

  Columns 57 through 60

   0.857142688227045   0.857142992275815   0.857142749036066   0.857142943628517

  Columns 61 through 64

   0.857142787954075   0.857142912494039   0.857142812861757   0.857142892567842

  Columns 65 through 68

   0.857142828802772   0.857142879814995   0.857142839005088   0.857142871653117

  Columns 69 through 72

   0.857142845534612   0.857142866429483   0.857142849713531   0.857142863086336

  Columns 73 through 76

   0.857142852388059   0.857142860946707   0.857142854099767   0.857142859577336

  Columns 77 through 80

   0.857142855195267   0.857142858700933   0.857142855896392   0.857142858140032

  Columns 81 through 84

   0.857142856345116   0.857142857781054   0.857142856632297   0.857142857551305

  Columns 85 through 88

   0.857142856816098   0.857142857404265   0.857142856933730   0.857142857310161

  Columns 89 through 92

   0.857142857009014   0.857142857249934   0.857142857057197   0.857142857211384

  Columns 93 through 96

   0.857142857088034   0.857142857186715   0.857142857107770   0.857142857170928

  Columns 97 through 100

   0.857142857120401   0.857142857160823   0.857142857128485   0.857142857154355

LEN 100
Relative error 0.730696
Relative error^2 8.033826
Absolute error 0.090952

Relative error 0.821473
Relative error^2 12.360679
Absolute error 0.066459

Relative error 0.764911
Relative error^2 14.010913
Absolute error 0.054594

Relative error 0.815782
Relative error^2 19.535272
Absolute error 0.041759

Relative error 0.780254
Relative error^2 22.903762
Absolute error 0.034067

Relative error 0.811012
Relative error^2 30.511415
Absolute error 0.026581

Relative error 0.788298
Relative error^2 36.567712
Absolute error 0.021557

Relative error 0.807449
Relative error^2 47.515150
Absolute error 0.016994

Relative error 0.792859
Relative error^2 57.782674
Absolute error 0.013721

Relative error 0.804941
Relative error^2 73.989428
Absolute error 0.010879

Relative error 0.795565
Relative error^2 90.848387
Absolute error 0.008757

Relative error 0.803236
Relative error^2 115.294648
Absolute error 0.006967

Relative error 0.797216
Relative error^2 142.461720
Absolute error 0.005596

Relative error 0.802103
Relative error^2 179.794566
Absolute error 0.004461

Relative error 0.798240
Relative error^2 223.074509
Absolute error 0.003578

Relative error 0.801360
Relative error^2 280.549879
Absolute error 0.002856

Relative error 0.798883
Relative error^2 349.010531
Absolute error 0.002289

Relative error 0.800876
Relative error^2 437.962872
Absolute error 0.001829

Relative error 0.799290
Relative error^2 545.771148
Absolute error 0.001465

Relative error 0.800564
Relative error^2 683.908713
Absolute error 0.001171

Relative error 0.799548
Relative error^2 853.199245
Absolute error 0.000937

Relative error 0.800363
Relative error^2 1068.189969
Absolute error 0.000749

Relative error 0.799712
Relative error^2 1333.547206
Absolute error 0.000600

Relative error 0.800233
Relative error^2 1668.621316
Absolute error 0.000480

Relative error 0.799817
Relative error^2 2084.082656
Absolute error 0.000384

Relative error 0.800150
Relative error^2 2606.786549
Absolute error 0.000307

Relative error 0.799884
Relative error^2 3256.784589
Absolute error 0.000246

Relative error 0.800097
Relative error^2 4072.658582
Absolute error 0.000196

Relative error 0.799927
Relative error^2 5089.118212
Absolute error 0.000157

Relative error 0.800063
Relative error^2 6363.067834
Absolute error 0.000126

Relative error 0.799954
Relative error^2 7952.120253
Absolute error 0.000101

Relative error 0.800041
Relative error^2 9941.808637
Absolute error 0.000080

Relative error 0.799971
Relative error^2 12425.531699
Absolute error 0.000064

Relative error 0.800027
Relative error^2 15533.554848
Absolute error 0.000052

Relative error 0.799983
Relative error^2 19415.191923
Absolute error 0.000041

Relative error 0.800018
Relative error^2 24270.602017
Absolute error 0.000033

Relative error 0.799990
Relative error^2 30336.465798
Absolute error 0.000026

Relative error 0.800013
Relative error^2 37922.150532
Absolute error 0.000021

Relative error 0.799994
Relative error^2 47400.846690
Absolute error 0.000017

Relative error 0.800009
Relative error^2 59252.558270
Absolute error 0.000014

Relative error 0.799997
Relative error^2 74063.770909
Absolute error 0.000011

Relative error 0.800007
Relative error^2 92581.106698
Absolute error 0.000009

Relative error 0.799999
Relative error^2 115724.322932
Absolute error 0.000007

Relative error 0.800005
Relative error^2 144656.629892
Absolute error 0.000006

Relative error 0.800000
Relative error^2 180818.518384
Absolute error 0.000004

Relative error 0.800004
Relative error^2 226024.113391
Absolute error 0.000004

Relative error 0.800001
Relative error^2 282527.546408
Absolute error 0.000003

Relative error 0.800004
Relative error^2 353159.990660
Absolute error 0.000002

Relative error 0.800002
Relative error^2 441446.883699
Absolute error 0.000002

Relative error 0.800003
Relative error^2 551808.526801
Absolute error 0.000001

Relative error 0.800002
Relative error^2 689756.760336
Absolute error 0.000001

Relative error 0.800003
Relative error^2 862194.877752
Absolute error 0.000001

Relative error 0.800002
Relative error^2 1077738.458644
Absolute error 0.000001

Relative error 0.800003
Relative error^2 1347170.450927
Absolute error 0.000001

Relative error 0.800002
Relative error^2 1683955.967775
Absolute error 0.000000

Relative error 0.800003
Relative error^2 2104939.897684
Absolute error 0.000000

Relative error 0.800002
Relative error^2 2631164.769168
Absolute error 0.000000

Relative error 0.800003
Relative error^2 3288947.148427
Absolute error 0.000000

Relative error 0.800002
Relative error^2 4111169.113978
Absolute error 0.000000

Relative error 0.800003
Relative error^2 5138946.556876
Absolute error 0.000000

Relative error 0.800002
Relative error^2 6423660.861725
Absolute error 0.000000

Relative error 0.800003
Relative error^2 8029552.165267
Absolute error 0.000000

Relative error 0.800003
Relative error^2 10036906.637407
Absolute error 0.000000

Relative error 0.800003
Relative error^2 12546094.831072
Absolute error 0.000000

Relative error 0.800003
Relative error^2 15682565.329482
Absolute error 0.000000

Relative error 0.800003
Relative error^2 19603145.281470
Absolute error 0.000000

Relative error 0.800003
Relative error^2 24503852.877818
Absolute error 0.000000

Relative error 0.800003
